%YAML:1.0
---
CameraExtrinsicMat: !!opencv-matrix
   rows: 4
   cols: 4
   dt: d
   data: [ -9.9998780765104311e-01, -2.1228794537239046e-03,    4.4584674592703351e-03, 4.7983214259147644e-02,
            -4.9319785544597299e-03, 3.8452738592524527e-01,    -9.2310040898107948e-01, 1.1528214067220688e-01,
            2.4522805460407485e-04, -9.2311114328466570e-01,    -3.8453316762911194e-01, 6.7097401618957520e-01, 
             0., 0., 0., 1. ]
CameraMat: !!opencv-matrix
   rows: 3
   cols: 3
   dt: d
   data: [ 7.6150777879652162e+02, 0., 2.9948908821305247e+02,
        0.,  7.5981171834971371e+02, 1.8891527708367954e+02,
         0., 0., 1. ]
DistCoeff: !!opencv-matrix
   rows: 1
   cols: 5
   dt: d
   data: [ -8.1107652432606769e-01, 3.5668344051746037e+00,
       -4.6632565323986097e-03, 1.3154602058187997e-02,
       -9.0310552957347294e+00 ]
ImageSize: [ 640, 360 ]
ReprojectionError: 0
DistModel: plumb_bob
