%YAML:1.0
---
CameraExtrinsicMat: !!opencv-matrix
   rows: 4
   cols: 4
   dt: d
   data: [ 1., 0., 0., 0., 0., 1., 0., 0., 0., 0., 1., 0., 0., 0., 0.,
       1. ]
CameraMat: !!opencv-matrix
   rows: 3
   cols: 3
   dt: d
   data: [ 4.5519534750366465e+03, 0., 2.0802722051935161e+03, 0.,
       4.5699413506249857e+03, 1.0158300124293202e+03, 0., 0., 1. ]
DistCoeff: !!opencv-matrix
   rows: 5
   cols: 1
   dt: d
   data: [ -7.7086800782329279e-01, 1.2482180620348031e+00,
       6.1934604948525084e-03, -9.9460218545445924e-03,
       -1.3727507170342952e+00 ]
ImageSize: [3840, 2160]
Reprojection Error: 0.0
DistModel: plumb_bob