%YAML:1.0
---
CameraExtrinsicMat: !!opencv-matrix
   rows: 4
   cols: 4
   dt: d
   data: [ 9.9524586750555943e-01, 1.9634287251536327e-02, 9.5394748163778353e-02, -4.1213666672328636e-01,
            -9.4312765955231248e-02, -5.0146463360214666e-02, 9.9427885142465755e-01, 2.2791646784342182e-01, 
             2.4305665820551180e-02,  -9.9854886058549319e-01, -4.8056296491020722e-02, 2.4204081216148773e-01,
             0., 0., 0., 1. ]
CameraMat: !!opencv-matrix
   rows: 3
   cols: 3
   dt: d
   data: [ 7.9303180713056611e+02, 0., 3.3327513326698403e+02, 0.,
       7.8881690757436286e+02, 1.8751763735448313e+02, 0., 0., 1. ]
DistCoeff: !!opencv-matrix
   rows: 1
   cols: 5
   dt: d
   data: [ -6.9472139777760189e-01, 8.2779282286800326e-01,
       -4.2149829934946719e-03, -1.7680263831737167e-03,
       6.4225883607761408e-02 ]
ImageSize: [ 640, 360 ]
ReprojectionError: 2.8086969017479813e-01